bottle 19 195 50 303
bottle 78 166 106 290
bottle 109 166 138 270
bottle 142 169 165 259
bottle 165 167 192 252
bottle 195 174 215 266
bottle 217 169 237 288
bottle 239 171 262 291
bottle 262 174 287 295
bottle 290 175 312 295
bottle 312 180 341 298
bottle 173 267 232 414
bottle 224 290 279 416
person 9 38 100 212
person 111 24 150 133
person 240 70 311 190
person 143 106 218 220
person 247 126 312 226
person 310 75 355 193
person 276 67 323 178
person 135 48 230 186
person 361 82 410 169
person 345 87 373 157
person 100 79 148 157
person 0 1 29 165
