person 132 171 152 242
person 10 226 24 263
person 36 239 59 322
person 54 248 89 325
chair 37 313 75 414
person 112 232 139 349
person 169 277 193 414
person 193 265 233 414
person 175 221 198 322
person 206 209 219 293
person 224 214 235 299
person 232 221 251 307
person 253 221 272 299
person 274 206 286 296
person 283 221 297 301
person 291 236 307 370
person 323 227 345 339
person 313 212 324 312
person 345 238 359 391
person 350 212 364 275
person 369 209 383 250
person 392 235 412 278
car 40 203 201 313
person 401 278 416 414
person 356 281 404 414
person 276 367 313 416
