bottle 125 27 150 137
bottle 153 2 187 141
bottle 188 2 221 140
bottle 222 1 257 141
bottle 259 2 292 139
bottle 293 1 327 140
bottle 329 2 362 141
bottle 364 1 392 139
bottle 393 1 416 138
bottle 3 199 59 412
bottle 51 200 107 408
bottle 77 177 109 295
bottle 102 188 153 400
bottle 129 177 159 247
bottle 152 193 200 407
bottle 233 185 262 262
bottle 282 185 311 267
bottle 280 165 315 249
bottle 196 197 245 404
bottle 245 196 291 404
bottle 292 199 342 403
bottle 341 180 391 404
bottle 389 200 416 404
