bird 73 55 129 97
bird 123 99 180 142
bird 124 63 183 110
bird 125 357 189 401
bird 217 331 308 385
bird 309 315 377 357
bird 368 193 416 244
bird 221 192 301 240
bird 287 133 348 179
bird 297 5 361 46
bird 216 6 268 49
bird 62 319 150 378
bird 165 315 214 366
bird 268 304 340 347
bird 273 221 332 256
bird 131 272 227 336
bird 86 231 150 284
bird 67 157 123 225
bird 124 141 182 202
bird 307 100 376 152
bird 238 77 292 134
bird 152 42 194 81
bird 168 223 247 279
bird 372 22 406 77
bird 321 45 382 100
bird 294 58 336 119
bird 188 121 247 183
bird 253 116 296 168
bird 286 175 341 222
bird 354 3 394 34
