bicycle 0.7058698534965515 50 182 302 442
person 0.6836369037628174 4 13 411 403
person 0.5393235087394714 8 7 95 99
person 0.5352327823638916 294 6 383 99
person 0.505457878112793 189 1 234 45
person 0.4908645451068878 221 2 323 93
motorbike 0.434417188167572 -5 6 419 289
person 0.39664679765701294 319 -1 353 48
person 0.39463451504707336 171 -3 256 99
motorbike 0.3724731504917145 5 20 97 121
motorbike 0.36801081895828247 148 4 401 159
person 0.347310870885849 291 -1 322 47
person 0.2965032756328583 350 -2 389 52
bicycle 0.25663629174232483 279 14 396 131
