person 0.6612197756767273 122 98 295 404
person 0.5171585083007812 250 109 291 177
person 0.5033323764801025 298 91 368 203
person 0.4966298043727875 232 112 306 238
person 0.45572081208229065 114 118 155 178
person 0.45367711782455444 61 123 161 410
person 0.4417990446090698 3 126 84 412
person 0.43503957986831665 288 92 384 406
person 0.4258352518081665 25 105 68 172
person 0.4111105501651764 285 70 316 146
person 0.4079272449016571 310 103 356 182
person 0.3998417258262634 1 113 25 173
person 0.3749871253967285 92 126 130 211
person 0.3661538362503052 65 114 93 179
person 0.35805100202560425 282 135 317 211
person 0.3549818694591522 11 86 83 199
chair 0.3510432541370392 149 237 316 414
person 0.34409162402153015 384 76 414 155
person 0.2839525640010834 226 80 260 156
person 0.26973819732666016 51 111 112 241
