person 0.5304940938949585 9 134 97 285
person 0.5272272229194641 322 105 410 249
person 0.46182695031166077 248 88 280 151
motorbike 0.4373556971549988 322 151 409 319
person 0.4166138470172882 69 134 102 221
motorbike 0.37647348642349243 -1 258 82 409
person 0.37365344166755676 184 108 242 316
bicycle 0.350716769695282 85 157 149 327
person 0.33734628558158875 188 100 229 181
person 0.3165986239910126 118 106 174 316
motorbike 0.3039051294326782 312 175 368 302
person 0.2883450388908386 193 97 224 145
person 0.2755497097969055 40 130 58 168
motorbike 0.27406370639801025 366 217 415 396
car 0.25129103660583496 348 106 382 135
person 0.2508760094642639 244 120 277 220
person 0.25024333596229553 88 152 120 258
