motorbike 0.8172222375869751 8 122 417 419
person 0.6154598593711853 78 35 211 364
person 0.5024832487106323 252 45 285 120
person 0.4886086881160736 44 27 111 184
person 0.4584413766860962 223 40 252 117
motorbike 0.4574569761753082 221 89 312 202
person 0.438984215259552 56 36 101 115
person 0.4112882912158966 190 51 233 109
person 0.3790963888168335 320 41 345 134
person 0.37857967615127563 174 30 253 132
person 0.3734086751937866 294 46 318 124
person 0.36761853098869324 381 31 410 132
bicycle 0.36527717113494873 221 117 315 219
person 0.3443938195705414 3 50 30 161
person 0.34127187728881836 19 0 59 43
person 0.3243635594844818 360 44 383 123
person 0.31883540749549866 163 51 195 97
motorbike 0.27118340134620667 37 161 193 384
person 0.2702932357788086 118 38 227 187
