person 0.5613508820533752 173 133 248 226
person 0.4960119128227234 10 185 143 425
person 0.49016091227531433 320 138 411 410
person 0.4899134039878845 304 121 369 245
person 0.4863467514514923 39 124 122 282
diningtable 0.48416823148727417 61 210 364 344
person 0.43963727355003357 279 146 322 213
bottle 0.41963258385658264 221 321 258 407
person 0.39177918434143066 1 130 30 216
person 0.38955944776535034 20 138 66 205
person 0.3868412673473358 9 120 84 232
pottedplant 0.32946905493736267 216 311 258 378
person 0.2719910144805908 80 138 128 217
