person 0.6032229661941528 165 80 248 196
person 0.5060728192329407 6 76 90 206
bottle 0.4977019429206848 83 193 195 428
person 0.444985568523407 57 78 95 156
person 0.4408234655857086 325 31 411 191
person 0.44061827659606934 237 52 313 239
person 0.4344004988670349 223 127 376 418
chair 0.42557355761528015 2 168 93 305
person 0.3622785210609436 1 96 149 390
bottle 0.34583309292793274 222 180 374 420
person 0.32361748814582825 317 78 354 149
chair 0.29286009073257446 213 233 351 424
person 0.2616148889064789 100 86 188 190
person 0.2587469816207886 30 79 72 148
