diningtable 0.6272306442260742 89 230 386 424
person 0.5698632597923279 201 142 277 259
chair 0.5192573666572571 320 251 409 408
person 0.5159755349159241 115 152 182 272
person 0.5038067102432251 33 216 119 403
person 0.4942203760147095 291 167 368 314
person 0.4317542612552643 79 169 143 306
person 0.4099594056606293 100 324 181 415
bottle 0.39631351828575134 295 334 324 412
person 0.36164236068725586 153 172 189 244
person 0.3275620639324188 90 193 129 276
person 0.29295650124549866 216 162 260 235
person 0.26052746176719666 195 171 225 239
person 0.2530496418476105 283 175 326 240
