person 0.5483993887901306 303 203 350 260
person 0.5397809147834778 59 174 96 246
chair 0.527040421962738 318 264 403 398
chair 0.5176723599433899 101 230 188 380
person 0.489312082529068 232 175 309 368
person 0.48900505900382996 4 178 102 417
person 0.4869033098220825 123 175 156 238
person 0.4840642511844635 98 174 130 237
person 0.46768975257873535 110 194 184 360
chair 0.46509888768196106 24 257 127 416
person 0.4388686716556549 329 181 408 368
person 0.4309169352054596 31 170 72 240
person 0.3919200301170349 152 169 190 249
chair 0.3912234306335449 190 199 222 283
diningtable 0.3339914381504059 70 196 163 347
person 0.32863375544548035 11 176 84 307
chair 0.3032069206237793 229 210 306 378
person 0.2528766393661499 35 156 65 209
