sheep 0.6566789746284485 246 123 359 232
sheep 0.6374999284744263 4 100 91 192
sheep 0.6264854073524475 65 123 156 222
sheep 0.5940197706222534 162 151 246 244
sheep 0.556835949420929 349 109 396 185
sheep 0.538760781288147 242 71 296 140
sheep 0.5045130252838135 378 103 412 194
sheep 0.4258612394332886 307 73 370 142
sheep 0.4144534468650818 92 88 137 132
sheep 0.40116509795188904 16 87 79 138
sheep 0.32247188687324524 173 83 238 141
sheep 0.30483773350715637 216 143 260 216
sheep 0.2679174840450287 57 87 106 132
sheep 0.2566624581813812 242 159 295 251
