person 0.5896234512329102 79 198 211 413
chair 0.5614749789237976 0 262 80 400
person 0.47565096616744995 108 108 176 248
car 0.4603911340236664 51 218 94 267
diningtable 0.4408486783504486 66 251 290 416
tvmonitor 0.3979354500770569 37 168 116 259
chair 0.3611209988594055 59 300 165 418
person 0.3567759692668915 269 164 338 313
person 0.34959086775779724 28 201 68 272
person 0.3167431354522705 163 206 196 277
bottle 0.2756631672382355 190 216 220 276
chair 0.2729108929634094 71 232 220 416
chair 0.26535287499427795 56 241 93 286
