person 0.8270847797393799 3 125 148 411
person 0.6535584330558777 286 117 406 417
person 0.5856339335441589 223 54 260 121
person 0.5488449335098267 138 49 212 182
diningtable 0.5326679348945618 132 199 349 417
person 0.5223821401596069 273 81 333 214
person 0.5029132962226868 71 57 145 229
bottle 0.4656001627445221 193 320 228 420
person 0.4306896924972534 34 53 68 121
person 0.4101220965385437 210 44 269 179
person 0.3674134910106659 316 113 406 308
person 0.3590478301048279 127 77 158 147
bottle 0.3492361605167389 200 161 219 247
person 0.2822408676147461 258 72 286 149
person 0.2806455194950104 2 39 46 255
person 0.2639913260936737 352 55 389 113
person 0.26291194558143616 93 58 201 298
