person 0.6169286966323853 157 198 242 335
person 0.37944701313972473 223 75 308 331
person 0.37893423438072205 220 11 253 96
person 0.3497985899448395 193 7 223 103
person 0.3484802842140198 99 18 127 121
person 0.3459267020225525 163 4 191 108
person 0.3346642851829529 129 17 157 126
person 0.3160330653190613 258 10 291 93
person 0.309440553188324 287 21 316 124
person 0.308100163936615 195 82 218 141
person 0.30607083439826965 65 2 92 116
person 0.30154895782470703 36 3 64 115
person 0.2673892676830292 328 22 353 125
person 0.26530665159225464 353 24 376 124
person 0.2521068751811981 2 -4 28 119
