car 0.6330890655517578 349 210 387 272
car 0.6304543018341064 317 157 357 212
pottedplant 0.530299186706543 13 321 144 405
car 0.4578072726726532 267 118 321 172
chair 0.45703625679016113 210 150 258 207
pottedplant 0.45301058888435364 189 145 231 203
pottedplant 0.4482543170452118 147 213 209 268
pottedplant 0.44772788882255554 215 182 254 234
person 0.38762420415878296 56 161 118 303
pottedplant 0.35363849997520447 255 151 287 198
chair 0.35290583968162537 185 111 226 187
person 0.33777302503585815 89 57 146 182
chair 0.3284928798675537 253 119 308 178
pottedplant 0.311313271522522 186 130 277 222
person 0.3049904704093933 121 189 151 229
person 0.2787174880504608 39 91 68 195
chair 0.25552552938461304 158 101 200 189
