person 0.5050615668296814 100 173 132 249
person 0.500984787940979 125 177 156 248
person 0.4379929006099701 167 178 190 246
person 0.43357089161872864 193 0 221 45
person 0.4165463149547577 3 164 30 251
person 0.4113974869251251 26 156 64 251
person 0.4077046513557434 294 177 317 248
person 0.3683977425098419 322 180 344 251
person 0.3534499704837799 358 175 381 249
person 0.32242003083229065 262 180 282 245
person 0.30731201171875 196 183 216 245
person 0.29814523458480835 230 183 249 244
person 0.2647840976715088 69 172 93 243
person 0.2628985643386841 389 174 407 253
