diningtable 0.7261108160018921 -2 126 418 417
chair 0.5919081568717957 -1 126 91 241
pottedplant 0.5120440721511841 7 144 154 392
pottedplant 0.46087414026260376 318 44 357 116
bottle 0.44322529435157776 109 31 183 177
chair 0.43086954951286316 187 19 270 186
chair 0.4207199811935425 11 127 155 352
pottedplant 0.4136631190776825 381 35 418 118
person 0.3731153607368469 9 277 103 394
pottedplant 0.3681657612323761 346 37 381 118
pottedplant 0.3336474895477295 284 52 327 110
pottedplant 0.262644499540329 300 35 377 129
bottle 0.2624998092651367 173 24 263 183
