bicycle 0.5921287536621094 210 164 318 254
person 0.5371110439300537 214 106 277 238
bicycle 0.5121561288833618 114 159 188 251
motorbike 0.4843445420265198 14 167 87 236
person 0.47731757164001465 121 123 184 238
person 0.47058624029159546 18 127 82 232
person 0.4109509587287903 255 6 286 48
person 0.3296806812286377 171 18 201 59
person 0.2996894419193268 34 121 69 186
person 0.27560651302337646 127 139 174 214
person 0.26372891664505005 221 116 263 190
person 0.26091378927230835 3 173 35 241
