person 0.5600019693374634 220 153 246 220
car 0.5026546716690063 291 217 375 328
car 0.46564781665802 152 196 261 349
motorbike 0.4409020245075226 109 188 177 351
person 0.4375593662261963 157 161 189 250
person 0.4019852876663208 265 226 337 378
person 0.3941933512687683 289 276 325 391
car 0.38224756717681885 219 213 323 334
person 0.3325270712375641 68 243 97 347
person 0.3323557376861572 114 161 175 329
person 0.327843576669693 92 214 124 333
person 0.3163272738456726 259 183 280 230
person 0.3140309154987335 81 177 140 320
person 0.3028965890407562 391 245 412 356
person 0.3026497960090637 71 180 95 219
person 0.30079594254493713 32 207 62 331
person 0.2969729006290436 193 276 224 395
person 0.2946765720844269 140 158 161 215
person 0.2912508547306061 357 245 385 346
person 0.26881781220436096 3 206 26 325
person 0.2524569034576416 97 184 119 227
