horse 0.6337348222732544 -5 124 283 415
person 0.5504416227340698 200 174 297 417
person 0.5396198034286499 217 176 250 222
person 0.514469563961029 288 178 320 226
person 0.4538986384868622 298 190 388 418
person 0.40371742844581604 201 150 229 206
person 0.3920476734638214 70 120 144 220
tvmonitor 0.3499550223350525 21 -8 139 102
person 0.34149375557899475 83 118 138 182
person 0.33716291189193726 383 190 409 292
person 0.31825020909309387 6 133 89 350
horse 0.31040123105049133 0 184 92 360
person 0.30484864115715027 359 209 395 277
person 0.27876779437065125 36 -3 56 50
person 0.27816590666770935 356 159 383 206
