person 0.7403583526611328 20 78 266 412
person 0.6392749547958374 276 202 412 416
tvmonitor 0.5161257386207581 247 259 296 336
person 0.5054529309272766 316 189 403 295
person 0.43448567390441895 285 205 321 270
person 0.3762468993663788 265 186 286 240
chair 0.33609798550605774 271 316 415 422
person 0.33056890964508057 215 179 265 240
person 0.32433244585990906 199 155 272 265
person 0.2972523868083954 155 234 261 379
person 0.29322367906570435 316 143 341 217
person 0.2811707854270935 141 193 277 422
chair 0.26378121972084045 212 204 265 259
