bicycle 0.7801315784454346 131 202 303 380
person 0.6503471732139587 160 75 267 345
person 0.6062670350074768 334 47 402 185
person 0.5425968766212463 151 109 188 180
person 0.528447687625885 80 54 142 181
person 0.49818137288093567 55 129 99 206
person 0.4685942828655243 124 135 164 200
person 0.44572553038597107 18 79 81 200
motorbike 0.42246657609939575 30 148 184 389
person 0.4191499352455139 318 95 352 184
person 0.41060566902160645 45 107 171 377
person 0.391312837600708 223 72 262 156
person 0.37026482820510864 94 132 131 204
person 0.3644479513168335 385 91 412 186
person 0.3620665371417999 346 94 390 182
person 0.35072070360183716 1 96 32 194
person 0.30109912157058716 59 70 97 160
person 0.2930889129638672 94 60 132 114
person 0.29167214035987854 290 115 311 178
person 0.2701725661754608 264 108 286 183
