person 0.5027136206626892 145 101 214 248
bottle 0.47287577390670776 25 187 57 296
person 0.4676772952079773 13 61 102 232
person 0.44507986307144165 102 84 136 146
person 0.4429999589920044 246 67 304 223
person 0.40626025199890137 118 41 157 120
bottle 0.40203434228897095 66 189 99 292
person 0.4006096124649048 335 88 407 278
bottle 0.3946346044540405 280 232 319 296
person 0.38967186212539673 312 75 353 158
diningtable 0.3729409873485565 15 248 395 415
bottle 0.3626427948474884 92 101 137 175
person 0.3498382568359375 250 74 297 151
bottle 0.3387865424156189 220 191 254 292
bottle 0.33523187041282654 81 135 140 277
bottle 0.33106666803359985 273 179 328 295
person 0.3277001678943634 378 74 414 158
bottle 0.32269513607025146 254 164 290 259
bottle 0.3134189546108246 193 196 220 291
bottle 0.29457613825798035 209 110 274 251
bottle 0.28618666529655457 223 296 273 425
bottle 0.28409287333488464 6 180 32 305
person 0.28098776936531067 308 71 359 219
bottle 0.2792644500732422 259 236 288 300
bottle 0.27849629521369934 336 224 399 372
bottle 0.2596750259399414 94 180 119 285
bottle 0.2594110071659088 162 185 191 293
person 0.2567382752895355 340 72 403 169
bottle 0.2536986172199249 125 153 154 271
person 0.25348085165023804 147 53 197 117
