motorbike 0.5836865901947021 344 175 412 303
person 0.5808838605880737 255 110 287 179
person 0.5629183650016785 151 163 259 321
person 0.5170813202857971 246 170 312 305
person 0.5157673358917236 289 108 320 185
bus 0.513384222984314 23 74 181 166
person 0.48492372035980225 227 109 256 179
person 0.4811550974845886 192 105 224 173
motorbike 0.44417089223861694 242 147 311 280
person 0.3843533992767334 347 139 414 295
person 0.350107342004776 162 113 184 175
person 0.2907121777534485 136 121 156 178
