diningtable 0.7548807859420776 86 242 387 426
person 0.6141290068626404 278 184 403 418
person 0.5412431955337524 201 154 264 274
person 0.5019530057907104 4 188 88 375
person 0.48857933282852173 84 172 145 309
person 0.4660009443759918 283 158 341 275
person 0.4357384443283081 122 172 166 251
person 0.42216458916664124 160 210 192 278
person 0.41384613513946533 193 209 225 275
person 0.40094253420829773 140 156 205 270
person 0.387200266122818 223 207 258 277
person 0.3857967257499695 62 199 100 279
bottle 0.36342671513557434 125 263 160 339
bottle 0.3630872964859009 161 231 193 309
pottedplant 0.34482982754707336 299 99 318 141
pottedplant 0.3411926031112671 321 91 338 142
person 0.32460150122642517 287 193 324 278
person 0.3202783465385437 258 215 282 274
bottle 0.3059981167316437 187 249 225 356
bottle 0.2519283592700958 256 234 283 299
