person 0.5856209397315979 202 234 292 419
person 0.5192503333091736 127 105 159 185
person 0.5184471011161804 218 103 259 183
person 0.5098685622215271 141 185 216 379
person 0.4952283799648285 155 105 193 185
person 0.48377203941345215 271 105 354 394
person 0.4579644501209259 248 104 287 190
person 0.45638757944107056 9 237 105 419
person 0.41497400403022766 93 109 133 181
person 0.41244953870773315 193 103 228 185
person 0.4113248288631439 81 178 151 379
person 0.4003795087337494 210 106 269 236
person 0.395447313785553 31 144 63 207
person 0.3911754786968231 74 89 142 202
person 0.3880085349082947 63 101 100 188
person 0.34482836723327637 143 111 203 227
person 0.291780561208725 218 175 249 247
person 0.2665307819843292 42 135 114 272
