person 0.7550281882286072 75 135 215 406
diningtable 0.7009869813919067 155 198 403 425
person 0.6598304510116577 294 125 382 275
person 0.6101628541946411 11 50 92 170
person 0.5199592113494873 192 29 264 195
person 0.4807760715484619 5 57 85 358
person 0.47409647703170776 98 71 130 151
person 0.4313561022281647 263 125 291 180
person 0.41809746623039246 65 126 98 224
person 0.40601783990859985 152 68 189 159
person 0.3855228126049042 114 53 181 172
bottle 0.3485318422317505 224 170 255 243
person 0.33651116490364075 126 68 160 151
person 0.30438855290412903 387 152 415 272
person 0.3037485182285309 60 71 98 152
bottle 0.30122119188308716 248 171 288 238
person 0.26835206151008606 42 136 103 339
person 0.25453421473503113 160 121 195 218
chair 0.25055575370788574 352 199 378 271
