person 0.4906986355781555 132 73 162 147
car 0.4733539819717407 0 105 39 185
person 0.4616764783859253 161 61 192 155
person 0.4415896236896515 290 68 322 156
car 0.42652782797813416 -3 93 85 196
person 0.42355120182037354 228 63 258 159
person 0.4177892506122589 253 65 282 160
person 0.4131550192832947 318 66 350 159
person 0.40961846709251404 192 58 218 159
person 0.3919127583503723 349 60 379 160
car 0.34167763590812683 312 91 356 179
car 0.3365846872329712 249 101 283 170
person 0.32979851961135864 298 59 366 174
car 0.26362791657447815 289 93 326 173
pottedplant 0.26096484065055847 59 376 88 415
car 0.26072633266448975 47 152 99 190
car 0.25206640362739563 348 93 382 174
