person 0.46606624126434326 116 332 156 412
person 0.4313441812992096 19 234 75 381
person 0.39781442284584045 229 222 255 312
person 0.38493436574935913 259 226 281 308
car 0.3454880118370056 67 189 157 292
motorbike 0.3368311822414398 80 323 154 422
person 0.32879698276519775 197 219 223 318
person 0.32502254843711853 323 243 348 355
person 0.3241557478904724 138 175 157 238
person 0.32263877987861633 31 232 70 322
person 0.3184424936771393 2 227 26 324
person 0.31703999638557434 178 254 224 411
bicycle 0.307824045419693 84 361 145 421
person 0.301029771566391 291 226 316 325
person 0.3009053170681 352 276 384 391
person 0.2861352264881134 347 257 397 407
person 0.28234121203422546 354 235 380 310
person 0.28010421991348267 188 306 221 415
person 0.2719177305698395 158 224 190 321
person 0.25959715247154236 130 258 161 355
person 0.2572053372859955 106 190 184 352
