bicycle 0.5891640186309814 3 265 113 406
person 0.41544249653816223 191 100 222 198
person 0.4113104045391083 99 107 123 196
person 0.4058719873428345 128 105 158 195
person 0.39728084206581116 64 117 92 221
person 0.38323017954826355 160 103 190 195
person 0.3723519742488861 226 122 257 221
person 0.36272552609443665 255 118 285 227
person 0.35707521438598633 288 107 317 230
person 0.35181090235710144 335 105 398 238
person 0.3480634391307831 139 111 198 313
person 0.33224672079086304 356 197 387 286
person 0.32939764857292175 210 106 271 246
person 0.32622066140174866 384 195 410 289
person 0.32477498054504395 352 113 385 223
person 0.32383596897125244 40 111 64 186
person 0.3143369257450104 17 117 66 293
person 0.3067706823348999 322 107 345 193
bicycle 0.28581809997558594 142 196 194 343
person 0.27155572175979614 252 189 281 293
person 0.26713740825653076 392 106 412 198
person 0.26444223523139954 152 212 184 328
