person 0.6037842035293579 21 173 197 377
chair 0.598753035068512 19 181 210 414
chair 0.5267732739448547 187 181 293 355
person 0.4843566119670868 106 182 193 342
chair 0.48091983795166016 264 172 346 294
person 0.4564051628112793 182 122 222 181
chair 0.4183523952960968 132 163 208 327
person 0.36959847807884216 164 118 240 234
chair 0.36578935384750366 168 140 240 270
person 0.36005038022994995 152 136 193 197
car 0.3323506712913513 339 60 390 99
diningtable 0.32622283697128296 220 149 325 272
chair 0.3193257749080658 317 140 353 214
diningtable 0.27791357040405273 162 152 318 343
car 0.2760711908340454 395 97 414 180
chair 0.25296562910079956 362 175 414 373
