person 0.5768027305603027 30 141 180 405
person 0.5221050977706909 77 137 140 277
person 0.4776766002178192 68 133 111 207
person 0.45708397030830383 193 108 229 193
person 0.45592957735061646 219 114 244 179
person 0.450894832611084 215 79 320 416
person 0.43622857332229614 122 124 154 182
person 0.4349907636642456 330 95 403 387
person 0.4227205216884613 94 121 127 188
person 0.36258548498153687 178 106 232 242
bottle 0.3506520390510559 162 284 187 389
person 0.2687281370162964 89 159 131 248
person 0.2512895464897156 352 280 377 394
