motorbike 0.5975492000579834 103 227 354 429
person 0.4558647572994232 80 110 153 309
person 0.43977639079093933 218 171 250 247
pottedplant 0.38184991478919983 348 247 409 408
chair 0.36856555938720703 18 103 77 263
motorbike 0.3008745312690735 202 185 272 294
person 0.2890473008155823 322 177 349 298
chair 0.2848953604698181 58 151 86 259
motorbike 0.280937522649765 220 195 259 279
person 0.27854102849960327 254 189 286 297
motorbike 0.2774744927883148 338 140 408 412
person 0.2605453133583069 175 156 248 268
