tvmonitor 0.631432294845581 308 176 412 303
chair 0.4800320565700531 127 160 159 254
chair 0.46724507212638855 254 174 289 250
chair 0.45915281772613525 221 166 252 258
chair 0.44995808601379395 161 171 192 250
chair 0.4273134768009186 189 172 221 255
chair 0.4222171902656555 169 163 247 266
chair 0.40322062373161316 68 143 97 260
chair 0.33925238251686096 24 162 70 241
person 0.3118762671947479 68 117 99 241
person 0.3097686767578125 118 103 167 263
person 0.28205186128616333 320 65 356 173
chair 0.25615206360816956 95 159 126 250
chair 0.25430724024772644 115 145 172 261
