person 0.5794579386711121 106 94 240 388
person 0.5536527633666992 93 106 135 182
person 0.5040550231933594 154 73 196 149
motorbike 0.493685781955719 95 231 258 419
motorbike 0.47167691588401794 284 137 320 219
person 0.46948742866516113 217 75 248 153
person 0.4571954905986786 320 109 346 188
motorbike 0.4523162245750427 256 139 297 215
person 0.4430387020111084 194 100 236 178
person 0.42914333939552307 198 96 268 252
person 0.41558638215065 340 83 402 204
person 0.414023756980896 254 190 295 295
person 0.4071837067604065 338 157 405 322
person 0.39730390906333923 40 103 107 323
person 0.39334729313850403 354 79 392 154
person 0.37103280425071716 105 93 179 257
motorbike 0.3680051863193512 335 101 406 246
person 0.3548372983932495 325 230 363 327
person 0.35031020641326904 384 67 412 161
person 0.342594176530838 291 98 314 141
person 0.3409506380558014 286 161 315 246
person 0.3324067294597626 287 104 321 188
motorbike 0.3285444676876068 247 174 296 302
person 0.32043734192848206 257 113 297 182
motorbike 0.31447917222976685 267 123 334 226
person 0.29617661237716675 128 83 167 155
person 0.25955262780189514 73 93 151 192
