cow 0.5776906609535217 217 192 259 281
person 0.5299447774887085 72 113 152 243
person 0.5134361982345581 175 120 243 243
sheep 0.49262699484825134 51 162 100 233
horse 0.492247998714447 263 128 330 283
sheep 0.4900600016117096 166 174 199 242
cow 0.4790462851524353 39 129 124 230
horse 0.47024717926979065 171 144 249 267
person 0.4279809594154358 97 101 131 189
cow 0.4175335466861725 169 177 253 288
dog 0.352102130651474 262 126 327 249
horse 0.3433062732219696 180 161 230 246
sheep 0.34113994240760803 94 165 138 246
person 0.3362348973751068 190 123 230 223
sheep 0.3245195150375366 2 231 102 308
