horse 0.5911494493484497 295 210 373 343
horse 0.563257098197937 205 208 286 339
horse 0.5351125597953796 104 208 184 337
person 0.5104734301567078 100 170 132 255
person 0.4383234679698944 61 214 99 325
person 0.43072083592414856 260 156 289 252
person 0.4252256751060486 185 180 220 297
person 0.3959140181541443 290 156 317 251
person 0.34086236357688904 313 153 339 245
person 0.3321837782859802 80 171 137 315
person 0.32258284091949463 169 166 195 257
cow 0.31615880131721497 341 216 380 328
cow 0.315303772687912 183 200 221 329
