car 0.5989060997962952 15 142 400 403
person 0.5634406208992004 44 30 370 385
car 0.5366905331611633 331 24 388 77
person 0.41857877373695374 150 2 260 162
person 0.3952719569206238 70 15 99 90
car 0.3368660807609558 208 0 335 77
car 0.33582162857055664 320 11 406 91
person 0.3320530354976654 27 17 53 75
person 0.3241179585456848 382 65 414 159
person 0.3123845160007477 109 41 246 372
person 0.30003538727760315 71 49 97 91
car 0.28439563512802124 4 51 35 102
chair 0.2778199315071106 25 178 148 308
