car 0.540381133556366 8 247 168 401
car 0.43923622369766235 178 220 243 269
person 0.40235400199890137 223 204 314 354
car 0.36919766664505005 302 192 378 291
car 0.35774287581443787 313 241 357 303
person 0.35273995995521545 138 203 158 268
chair 0.3459213376045227 247 220 347 371
person 0.3104017376899719 343 194 377 283
car 0.2945823669433594 243 218 354 336
car 0.27671369910240173 161 208 257 279
person 0.27483752369880676 35 113 57 174
person 0.2717699706554413 71 159 88 202
car 0.2589285969734192 217 232 261 304
