person 0.7437698245048523 7 118 146 412
diningtable 0.66193687915802 74 176 406 430
person 0.5707046985626221 230 239 381 418
person 0.5645648241043091 255 73 351 214
person 0.5042657852172852 144 88 188 152
person 0.49509695172309875 183 67 253 171
person 0.4605830907821655 49 71 121 165
person 0.45204421877861023 328 118 418 411
diningtable 0.40519899129867554 118 193 290 419
person 0.3909231722354889 138 305 259 414
person 0.3303837776184082 213 79 252 157
diningtable 0.31913354992866516 68 152 346 282
chair 0.3029046356678009 368 107 413 192
chair 0.2793307304382324 -1 119 25 234
person 0.27111202478408813 0 98 28 187
chair 0.264247864484787 245 244 409 418
