diningtable 0.6798438429832458 91 192 371 421
person 0.5416082143783569 7 17 168 397
pottedplant 0.47807908058166504 2 13 75 205
bottle 0.43665748834609985 252 65 286 143
chair 0.41915351152420044 351 81 386 146
bottle 0.40810588002204895 194 35 220 116
bottle 0.3805135190486908 227 72 259 139
person 0.3682135343551636 298 8 358 149
car 0.35820335149765015 378 55 414 103
tvmonitor 0.3206709325313568 385 99 411 187
bottle 0.3185766935348511 284 64 313 146
bottle 0.30807799100875854 280 13 333 140
tvmonitor 0.3029612600803375 349 90 393 183
bottle 0.29906734824180603 212 17 260 86
bottle 0.26799890398979187 252 16 293 93
bottle 0.25307366251945496 334 84 404 201
