diningtable 0.751445472240448 3 121 414 419
chair 0.4471306800842285 3 121 32 219
chair 0.4245631694793701 266 140 412 410
chair 0.4137577712535858 26 106 61 182
bottle 0.4024913012981415 177 292 239 367
chair 0.38525623083114624 260 67 342 225
chair 0.3629867434501648 76 69 148 219
chair 0.34805846214294434 19 82 126 400
tvmonitor 0.3376414179801941 158 45 240 130
chair 0.2977162003517151 55 77 91 137
chair 0.29733723402023315 98 71 135 149
chair 0.26559609174728394 327 94 404 253
pottedplant 0.25445929169654846 48 60 91 111
