person 0.6549715995788574 25 154 138 393
person 0.5366274118423462 282 90 312 145
person 0.4446149468421936 208 137 276 338
person 0.43630269169807434 279 77 372 391
person 0.4200781583786011 383 147 413 253
pottedplant 0.36844852566719055 30 226 65 316
person 0.35858961939811707 140 97 204 305
person 0.353939414024353 264 149 289 218
person 0.3417626619338989 218 241 254 362
dog 0.33712834119796753 33 216 134 386
person 0.33069509267807007 127 97 155 195
person 0.3261414170265198 302 65 371 228
person 0.30710458755493164 60 151 94 202
person 0.27369919419288635 70 218 139 388
person 0.27073192596435547 123 185 157 299
person 0.26628249883651733 356 147 383 219
person 0.2622067332267761 220 105 254 183
