car 0.6250050663948059 311 233 420 350
person 0.5068866610527039 147 290 186 372
motorbike 0.4845622479915619 207 321 265 404
person 0.4760964512825012 91 255 121 342
person 0.4586625099182129 34 251 67 334
car 0.44845694303512573 314 217 346 259
person 0.4257549047470093 216 252 255 348
person 0.3635275959968567 71 227 96 316
person 0.34563443064689636 137 250 164 351
car 0.31035876274108887 86 194 134 224
person 0.2924342155456543 67 195 99 232
person 0.2837139070034027 34 208 58 282
person 0.2762925922870636 264 213 285 253
person 0.27440178394317627 135 223 158 263
person 0.26947930455207825 92 217 122 267
person 0.25957369804382324 7 209 25 267
