boat 0.6625258326530457 9 33 407 330
person 0.5440467000007629 194 161 280 270
person 0.5092616081237793 264 159 348 274
chair 0.4579349458217621 28 219 64 304
person 0.44743505120277405 42 175 111 309
person 0.40585583448410034 87 192 124 282
person 0.38545897603034973 151 187 191 283
person 0.37469691038131714 30 190 62 292
chair 0.3622322678565979 5 217 33 314
person 0.3378325402736664 63 187 98 290
person 0.28056925535202026 312 186 354 284
chair 0.279294490814209 58 214 98 311
person 0.2697702944278717 212 194 264 277
person 0.2637130618095398 247 197 291 271
