car 0.6078045964241028 88 172 139 228
motorbike 0.5224474668502808 191 212 290 339
person 0.5089268684387207 320 201 357 283
motorbike 0.46757447719573975 134 213 332 386
car 0.46270447969436646 226 188 263 222
car 0.45969030261039734 126 172 159 227
car 0.4585389196872711 5 206 38 256
person 0.4255688190460205 288 181 311 227
person 0.40032434463500977 260 189 283 224
person 0.3470610976219177 58 68 88 107
person 0.32854825258255005 35 72 108 221
person 0.3150138258934021 393 196 413 271
chair 0.30819281935691833 321 215 355 304
person 0.2974913418292999 125 144 154 219
chair 0.29535815119743347 210 214 325 340
car 0.27475160360336304 61 171 101 238
