car 0.5951054096221924 0 175 48 239
motorbike 0.5212358832359314 265 209 336 321
car 0.5024370551109314 351 213 390 264
person 0.4569051265716553 173 182 234 350
person 0.4419747292995453 267 176 329 307
person 0.43194380402565 157 174 183 249
person 0.4298049509525299 70 172 94 241
person 0.39602547883987427 133 174 156 249
person 0.3924750089645386 99 174 124 257
person 0.38403457403182983 259 198 289 287
person 0.370155394077301 286 187 320 288
motorbike 0.3539733588695526 281 229 330 309
person 0.30691054463386536 195 169 225 252
