bus 0.7104427814483643 60 49 229 236
person 0.5646986365318298 281 152 397 403
person 0.5583259463310242 294 150 374 268
person 0.5228033661842346 235 173 303 311
person 0.4912381172180176 247 173 291 234
person 0.4098741114139557 104 200 196 340
diningtable 0.38851889967918396 77 319 220 409
bicycle 0.36833587288856506 267 306 396 411
person 0.36086907982826233 187 184 239 353
person 0.35083451867103577 224 171 257 232
car 0.3161291480064392 -1 136 44 220
person 0.3089267611503601 225 176 316 415
person 0.2890225052833557 284 175 324 239
car 0.2741891145706177 26 124 66 176
car 0.2665373980998993 2 181 36 224
