person 0.7349960207939148 2 128 139 423
person 0.7269574999809265 130 76 217 204
person 0.6859534382820129 272 177 412 417
person 0.5817820429801941 58 95 143 250
diningtable 0.5348013043403625 15 181 401 423
person 0.48439106345176697 212 134 254 203
person 0.48026323318481445 232 111 316 235
diningtable 0.47888273000717163 87 196 262 415
diningtable 0.42604681849479675 60 176 352 312
bottle 0.3811764419078827 130 147 153 203
person 0.3639872670173645 261 104 337 305
person 0.36371156573295593 253 106 292 184
person 0.34613117575645447 295 96 380 250
person 0.3416820466518402 126 109 158 181
bottle 0.320832222700119 200 147 227 202
person 0.2644605040550232 199 112 228 182
