chair 0.5836613178253174 64 249 156 406
person 0.5453453660011292 189 92 281 271
person 0.4647824764251709 148 104 261 383
chair 0.4398901164531708 0 252 95 405
diningtable 0.41024893522262573 193 261 401 411
chair 0.40347808599472046 340 303 405 420
diningtable 0.36364611983299255 4 248 157 404
bottle 0.3385508060455322 41 147 62 219
person 0.33746781945228577 148 96 216 261
bottle 0.3062311112880707 296 240 317 320
bottle 0.2919132113456726 56 144 79 216
bottle 0.28657087683677673 260 244 285 309
