person 0.8570341467857361 34 173 182 416
person 0.8391510844230652 252 141 397 404
person 0.49828535318374634 223 0 264 39
person 0.47712621092796326 70 74 160 211
car 0.4360736608505249 248 0 287 39
person 0.42698347568511963 327 47 413 230
person 0.3888149559497833 110 113 190 303
car 0.3694722652435303 274 3 333 37
person 0.3513472080230713 249 52 353 181
car 0.33287742733955383 375 0 412 50
person 0.3298386335372925 128 -4 153 39
person 0.30299609899520874 101 -2 126 34
person 0.2673500180244446 153 -1 190 35
person 0.26545798778533936 69 0 92 31
