bottle 0.49466007947921753 2 131 87 412
bottle 0.43951141834259033 224 174 256 247
bottle 0.3805423974990845 195 179 221 246
bottle 0.3762635588645935 50 170 106 316
bottle 0.35694393515586853 149 215 204 396
bottle 0.3444036841392517 214 218 262 386
bottle 0.338425874710083 287 175 316 258
bottle 0.3197087049484253 284 205 329 390
bottle 0.31928956508636475 252 182 282 248
bottle 0.31228896975517273 249 217 293 384
bottle 0.311274915933609 344 204 396 394
bottle 0.28946250677108765 162 168 192 250
bottle 0.2610943913459778 88 179 144 362
bottle 0.2575927674770355 3 174 34 311
