person 0.5511409044265747 124 358 160 422
person 0.4996519088745117 58 204 92 282
person 0.49261415004730225 30 298 64 370
person 0.4562184810638428 170 191 247 368
person 0.45298314094543457 193 359 223 421
person 0.44930022954940796 92 365 131 418
person 0.4438408613204956 57 293 92 380
person 0.43024176359176636 3 298 31 380
person 0.42482542991638184 35 200 70 281
person 0.40479519963264465 64 363 102 421
person 0.39163556694984436 99 212 130 279
person 0.38355502486228943 157 197 184 273
person 0.3723912835121155 231 251 261 355
person 0.3605794310569763 122 290 158 387
person 0.35754987597465515 158 267 189 343
person 0.3515439033508301 259 367 290 415
pottedplant 0.3380117118358612 2 145 81 278
person 0.3316720426082611 162 363 191 421
person 0.33083224296569824 99 255 134 354
person 0.31099623441696167 132 210 161 271
person 0.2890801727771759 224 364 255 419
person 0.28639689087867737 107 138 178 275
person 0.2780882716178894 87 266 139 407
person 0.27481111884117126 290 286 319 384
person 0.2584642171859741 4 235 31 315
person 0.25239938497543335 322 252 344 353
