person 0.4685574173927307 32 225 68 317
person 0.4532385468482971 7 230 32 309
person 0.4454149603843689 342 216 371 327
person 0.4353806674480438 155 250 195 352
person 0.4332093298435211 158 197 191 289
person 0.4300915002822876 60 216 89 323
person 0.40094637870788574 287 219 316 328
person 0.3989868462085724 258 220 283 326
person 0.38268861174583435 193 216 220 325
person 0.3796982169151306 102 200 129 295
person 0.3710172772407532 231 218 259 327
person 0.34393376111984253 130 216 156 324
horse 0.30289575457572937 145 240 201 361
horse 0.2722800374031067 130 244 167 348
person 0.2702105939388275 20 218 82 325
