chair 0.5739798545837402 25 136 122 230
bottle 0.5508511662483215 185 195 228 276
diningtable 0.5066149234771729 2 112 411 433
pottedplant 0.5065123438835144 155 201 200 275
bottle 0.4784492254257202 24 121 121 358
chair 0.4729579985141754 256 146 286 193
pottedplant 0.4241410493850708 191 187 225 247
person 0.40724581480026245 220 178 257 243
bottle 0.39986616373062134 216 189 258 285
chair 0.3882941007614136 228 146 261 201
chair 0.37532955408096313 350 146 405 214
chair 0.36407026648521423 249 119 303 189
bottle 0.3139498829841614 257 189 289 290
chair 0.29677319526672363 263 175 336 302
bottle 0.29478374123573303 286 187 321 290
