pottedplant 0.6226506233215332 220 96 298 200
chair 0.6014689207077026 129 238 402 433
pottedplant 0.5960830450057983 162 150 234 273
diningtable 0.5918670892715454 104 240 381 429
pottedplant 0.567214846611023 281 143 380 275
pottedplant 0.5459430813789368 52 86 93 152
pottedplant 0.47589582204818726 6 176 83 305
pottedplant 0.43552541732788086 102 110 165 228
pottedplant 0.4323655366897583 362 231 418 370
pottedplant 0.42762890458106995 115 19 165 67
pottedplant 0.40258535742759705 278 265 389 402
pottedplant 0.394336074590683 90 211 139 261
pottedplant 0.38726767897605896 1 53 76 175
pottedplant 0.3691929280757904 151 87 203 127
pottedplant 0.33241692185401917 384 164 414 256
pottedplant 0.307209312915802 346 107 379 186
pottedplant 0.30660560727119446 314 64 376 167
pottedplant 0.2914295494556427 117 89 165 134
pottedplant 0.2859446704387665 -2 160 41 258
pottedplant 0.2691790461540222 384 83 415 198
