pottedplant 0.750889778137207 272 58 398 367
pottedplant 0.5768527984619141 286 329 336 393
person 0.5590307116508484 73 238 142 381
pottedplant 0.5320110321044922 73 262 146 391
pottedplant 0.5072065591812134 211 308 281 405
tvmonitor 0.47071054577827454 153 267 219 356
person 0.42072343826293945 28 198 84 351
bottle 0.37425002455711365 154 271 220 375
pottedplant 0.3525971472263336 248 302 284 378
person 0.3037390112876892 17 210 149 401
person 0.28521057963371277 36 204 82 277
person 0.28513050079345703 189 289 222 384
pottedplant 0.2724871337413788 349 329 392 411
