person 0.7159030437469482 153 155 277 404
person 0.6061139106750488 6 238 138 418
person 0.5876220464706421 253 191 366 411
person 0.5717045068740845 8 159 103 314
person 0.5513978004455566 153 190 182 243
car 0.501630961894989 89 97 125 142
chair 0.47286051511764526 74 238 151 366
person 0.44756773114204407 337 164 399 315
person 0.4459913372993469 125 178 168 237
person 0.38934966921806335 315 203 344 270
person 0.35238543152809143 137 207 207 397
car 0.3454473316669464 183 87 217 123
person 0.32120081782341003 347 171 386 251
person 0.3049587309360504 -1 -4 86 304
