person 0.4125322103500366 60 254 99 352
person 0.3906952440738678 199 231 222 317
person 0.38469988107681274 353 195 379 289
person 0.3700837194919586 328 199 353 291
person 0.36753174662590027 281 250 309 352
person 0.3435389995574951 265 251 289 344
person 0.3364749848842621 226 232 248 321
person 0.3348192274570465 2 240 28 360
person 0.333244651556015 163 221 186 329
person 0.32810360193252563 31 247 64 355
person 0.3281009793281555 128 233 181 372
person 0.30760782957077026 388 181 412 297
person 0.29917311668395996 67 203 95 287
person 0.2734609544277191 34 205 56 281
motorbike 0.27040570974349976 43 235 103 369
person 0.26136788725852966 21 236 78 367
person 0.25551730394363403 136 220 166 327
