person 0.807850182056427 205 138 379 408
person 0.5215435028076172 158 152 188 207
person 0.48365360498428345 218 161 248 211
pottedplant 0.4423884153366089 58 210 102 269
person 0.41515353322029114 -2 195 48 269
chair 0.4087076783180237 189 181 231 227
person 0.39701032638549805 353 180 379 241
pottedplant 0.3936426341533661 56 154 111 207
pottedplant 0.3907628655433655 0 111 91 238
pottedplant 0.31775838136672974 0 174 43 256
person 0.3145310878753662 -1 180 75 292
person 0.2615954279899597 192 158 227 210
