motorbike 0.613207221031189 227 205 302 341
car 0.6028857231140137 185 209 226 268
motorbike 0.5424052476882935 152 206 198 264
motorbike 0.537496030330658 9 165 83 261
person 0.5143901109695435 153 169 194 245
person 0.40918785333633423 23 170 72 250
car 0.3925052881240845 135 208 170 261
person 0.39197513461112976 162 149 191 210
person 0.38927704095840454 315 184 360 284
person 0.38112208247184753 291 171 316 256
person 0.3808480501174927 227 145 257 209
person 0.372833251953125 237 164 295 321
person 0.370035856962204 189 180 226 244
person 0.36154600977897644 137 183 167 244
person 0.35739120841026306 257 159 292 254
motorbike 0.3544347882270813 307 172 366 293
person 0.3535383939743042 219 198 256 279
person 0.28496241569519043 390 179 417 291
person 0.26609498262405396 57 159 83 261
person 0.25295305252075195 197 152 218 202
