chair 0.5491791367530823 323 140 415 276
chair 0.48281198740005493 252 130 288 224
chair 0.4733012616634369 301 307 412 419
chair 0.44158005714416504 302 192 408 424
pottedplant 0.4269263744354248 154 161 261 254
diningtable 0.3969328701496124 40 133 367 415
chair 0.34638965129852295 185 152 282 261
chair 0.3303631544113159 307 125 352 229
pottedplant 0.31891050934791565 192 13 231 72
chair 0.3021799325942993 290 133 320 218
pottedplant 0.29329729080200195 161 171 202 239
chair 0.25512656569480896 52 143 103 335
pottedplant 0.2530197203159332 97 137 186 265
