person 0.47277480363845825 214 100 243 185
person 0.4585246741771698 160 80 187 150
horse 0.43641647696495056 184 204 354 393
person 0.43115532398223877 282 60 312 154
person 0.4291591942310333 198 83 226 143
person 0.427681565284729 255 199 295 272
bicycle 0.42382383346557617 75 143 205 389
person 0.41871464252471924 71 114 171 371
car 0.35038653016090393 195 109 238 167
person 0.3482470214366913 325 68 352 149
person 0.323516309261322 78 109 162 245
person 0.2927990257740021 330 199 358 284
person 0.2822192907333374 353 54 383 163
motorbike 0.276919960975647 78 119 198 369
person 0.2683962285518646 390 81 415 198
person 0.2568851113319397 270 52 288 120
