tvmonitor 0.718277633190155 -7 81 80 201
diningtable 0.7157869935035706 -3 191 348 427
chair 0.521049439907074 240 187 360 413
chair 0.48047372698783875 182 173 235 232
chair 0.46255382895469666 319 164 410 391
person 0.4304910898208618 236 82 304 209
chair 0.42902669310569763 285 146 328 208
chair 0.3285258114337921 334 159 408 265
chair 0.3277064263820648 15 266 138 416
pottedplant 0.3181774616241455 -3 8 48 73
chair 0.3164626955986023 0 175 83 310
chair 0.2890550494194031 153 174 253 242
person 0.27829688787460327 257 62 283 102
