person 0.6169952750205994 138 26 278 386
bicycle 0.5682839751243591 119 148 295 394
bicycle 0.5502938628196716 277 13 410 260
person 0.5482026934623718 275 7 405 236
person 0.5348451137542725 40 4 126 158
bicycle 0.5032831430435181 126 76 207 215
person 0.44277632236480713 184 13 247 216
person 0.41732996702194214 9 84 99 398
bicycle 0.37886181473731995 34 88 122 201
bicycle 0.36307185888290405 95 3 201 98
person 0.31211185455322266 0 7 46 216
person 0.2944572865962982 -1 177 25 307
bicycle 0.28966349363327026 280 1 396 92
bicycle 0.27462852001190186 68 120 419 417
bicycle 0.2637210190296173 29 4 135 106
