motorbike 0.6119049787521362 136 81 389 404
person 0.43987804651260376 138 90 201 254
person 0.40357962250709534 62 152 91 265
person 0.3964969515800476 95 159 133 254
person 0.3658641576766968 124 160 154 252
person 0.3626461625099182 84 139 141 276
person 0.34055548906326294 325 156 353 256
pottedplant 0.32734620571136475 140 3 210 93
person 0.3236090838909149 49 166 101 306
person 0.3091101050376892 0 148 28 272
person 0.28055182099342346 39 166 66 259
person 0.25373342633247375 136 102 289 383
