diningtable 0.7490904331207275 6 263 415 427
person 0.6442506909370422 61 167 172 302
person 0.6380136013031006 185 157 290 278
chair 0.4121239483356476 331 3 409 109
person 0.40606728196144104 334 221 407 320
person 0.4028053283691406 269 255 352 352
person 0.3698035478591919 61 144 219 340
person 0.3665246367454529 184 181 218 234
person 0.35028889775276184 348 212 387 264
person 0.32804039120674133 27 203 314 352
person 0.27393266558647156 384 200 409 266
chair 0.2686028480529785 340 242 399 302
