person 0.5918359160423279 158 123 193 209
person 0.5375643372535706 86 138 126 215
person 0.47033727169036865 1 137 35 220
horse 0.45784786343574524 254 43 342 253
horse 0.45354241132736206 169 184 239 354
person 0.4453989863395691 50 112 114 231
person 0.43642568588256836 109 188 228 414
person 0.4070282578468323 314 100 371 260
person 0.380973756313324 32 326 72 411
person 0.37844017148017883 88 253 139 412
person 0.34584489464759827 97 310 134 412
person 0.3072320818901062 153 123 212 303
dog 0.30576780438423157 248 37 355 266
person 0.30383697152137756 2 133 42 296
person 0.3010360896587372 128 313 161 413
