person 0.6044919490814209 265 253 358 412
person 0.5722876787185669 194 238 288 375
person 0.5495584011077881 191 204 232 275
person 0.5343398451805115 10 214 159 409
person 0.5314126014709473 244 201 288 271
person 0.5176611542701721 55 215 99 279
person 0.48871275782585144 27 212 68 277
chair 0.48680374026298523 31 264 140 403
person 0.4362982213497162 304 184 368 304
person 0.4128117859363556 104 204 176 338
person 0.41138073801994324 5 211 79 399
chair 0.4058489501476288 155 261 196 336
person 0.3991730809211731 203 191 276 291
person 0.3925650417804718 285 237 318 310
person 0.3894176781177521 249 197 284 239
person 0.36867809295654297 352 254 382 349
person 0.3619820475578308 113 250 368 418
person 0.33843517303466797 195 197 221 237
person 0.32792985439300537 91 206 131 277
bottle 0.3174971044063568 188 253 224 341
person 0.3052794635295868 227 197 256 239
person 0.30313265323638916 318 186 356 242
person 0.26718801259994507 40 205 115 291
person 0.2561267912387848 393 182 416 298
