boat 0.5927855372428894 128 142 220 284
car 0.5219619870185852 198 274 255 315
car 0.4700835347175598 338 221 407 267
person 0.4619472920894623 247 321 277 398
pottedplant 0.39403554797172546 153 113 197 174
car 0.36098286509513855 313 237 360 296
person 0.2924034893512726 25 136 79 204
person 0.2783387303352356 283 215 339 376
pottedplant 0.2664453983306885 131 117 165 173
person 0.2606300711631775 38 128 67 174
car 0.2568647563457489 318 204 416 271
pottedplant 0.2556481659412384 18 266 73 330
