horse 0.6562981009483337 245 183 361 340
horse 0.4733651578426361 104 166 182 319
horse 0.4353940486907959 12 167 83 303
person 0.4183308184146881 192 161 224 260
person 0.384673535823822 97 132 127 227
person 0.38366276025772095 244 126 306 297
person 0.35571423172950745 306 150 373 270
person 0.32004213333129883 85 131 136 290
person 0.319697767496109 158 129 186 230
person 0.3082224130630493 132 135 160 230
person 0.305977463722229 340 153 374 247
person 0.30421772599220276 1 163 30 311
person 0.30078327655792236 52 130 103 296
horse 0.286732017993927 154 178 196 302
person 0.284940242767334 38 127 66 225
person 0.2794455587863922 142 133 201 289
horse 0.2754684090614319 28 177 65 298
