diningtable 0.845169723033905 -4 125 414 418
person 0.6680713891983032 46 51 129 180
person 0.6231228113174438 221 41 299 175
person 0.5680225491523743 321 59 406 185
person 0.550580620765686 142 58 213 171
person 0.5411229729652405 325 69 422 405
bottle 0.4426063895225525 33 135 65 216
chair 0.4282555878162384 131 114 159 164
person 0.38745585083961487 189 83 222 145
person 0.3582425117492676 33 115 62 184
person 0.32677409052848816 155 69 199 153
person 0.2997633218765259 15 60 135 360
person 0.2722005546092987 38 128 115 287
person 0.26549068093299866 134 86 165 150
pottedplant 0.25564515590667725 215 338 338 407
