person 0.7134813070297241 150 116 323 408
chair 0.5459310412406921 292 170 330 233
chair 0.4682196378707886 63 178 93 242
chair 0.44296836853027344 31 199 65 270
person 0.43383318185806274 350 160 382 250
person 0.4327377676963806 382 175 411 247
person 0.3654693067073822 323 169 349 250
chair 0.35627973079681396 3 174 24 253
bottle 0.3260755240917206 148 231 188 308
chair 0.3188178837299347 333 276 417 413
chair 0.3077276945114136 127 186 161 225
chair 0.3058122992515564 128 229 166 310
person 0.30064019560813904 294 162 318 206
bottle 0.2613809406757355 324 196 347 267
person 0.2563824951648712 65 306 210 410
