sheep 0.6478288769721985 35 238 212 418
sheep 0.6456765532493591 290 113 331 181
sheep 0.6225153803825378 88 160 202 261
sheep 0.6028975248336792 35 171 111 302
sheep 0.5183106064796448 301 139 390 290
sheep 0.5160565376281738 -1 126 79 229
sheep 0.514814019203186 141 150 196 206
sheep 0.4919215440750122 220 70 250 144
dog 0.4545973837375641 272 142 392 407
person 0.44880571961402893 242 211 311 404
sheep 0.433236688375473 182 168 238 314
sheep 0.4144534468650818 1 107 35 176
sheep 0.3648238182067871 3 113 41 239
sheep 0.2793770432472229 169 66 190 114
sheep 0.27392181754112244 0 143 103 401
