diningtable 0.8100147843360901 -16 115 431 420
chair 0.6611868143081665 2 203 146 410
chair 0.46761003136634827 172 -3 285 108
chair 0.4641258120536804 49 10 184 95
bottle 0.4306700825691223 288 125 333 217
bottle 0.4164414405822754 135 84 216 213
bottle 0.39552822709083557 165 50 201 120
diningtable 0.34141483902931213 -7 101 297 249
chair 0.33641496300697327 350 132 393 216
chair 0.3264901340007782 337 120 408 225
bottle 0.29948416352272034 341 38 410 187
bottle 0.2530614733695984 264 -3 348 110
chair 0.2522875666618347 383 116 411 238
