person 0.7468027472496033 181 58 362 299
person 0.5328812003135681 258 0 297 53
chair 0.4285074770450592 233 308 317 417
chair 0.3856457471847534 295 266 367 411
person 0.38230881094932556 2 206 86 403
person 0.3594088852405548 110 209 178 397
person 0.354857474565506 353 272 382 351
bottle 0.34122130274772644 214 266 248 338
chair 0.314820259809494 1 253 89 410
bottle 0.3061116933822632 284 67 327 147
bottle 0.3002395033836365 111 259 177 405
chair 0.2694246172904968 128 204 171 289
bottle 0.2549758553504944 148 289 197 373
