car 0.6741957664489746 79 234 281 413
chair 0.52988600730896 154 169 200 239
chair 0.4884188771247864 91 165 131 248
chair 0.42838120460510254 32 178 74 238
chair 0.4224998652935028 63 170 94 247
chair 0.4051387906074524 183 165 225 241
diningtable 0.39033928513526917 89 241 267 407
chair 0.3719233274459839 128 166 222 247
chair 0.330013632774353 125 170 166 239
chair 0.30332598090171814 1 166 28 247
person 0.29365330934524536 321 87 339 138
chair 0.27075740694999695 217 157 257 246
chair 0.26933062076568604 282 241 318 353
chair 0.26558375358581543 34 219 71 322
