person 0.5955073237419128 237 125 376 350
person 0.5783763527870178 -1 90 150 404
bottle 0.5181282162666321 230 243 256 315
person 0.4516344666481018 164 125 262 295
chair 0.4424059987068176 258 145 283 195
chair 0.4087091386318207 116 189 176 234
person 0.3734492361545563 347 89 408 261
chair 0.3719601631164551 332 227 401 376
person 0.3500135540962219 135 117 408 419
bottle 0.34033840894699097 94 174 127 232
person 0.31769540905952454 165 146 191 208
bottle 0.30258867144584656 223 361 268 420
person 0.29837289452552795 153 172 182 236
diningtable 0.2900601625442505 52 314 360 420
