bicycle 0.7121462821960449 80 193 156 347
bicycle 0.669714629650116 244 221 369 371
bicycle 0.5543664693832397 168 183 245 356
car 0.50607830286026 349 83 399 139
person 0.4182063937187195 195 12 224 85
person 0.41102156043052673 81 106 145 317
person 0.39335107803344727 270 129 337 342
person 0.3883754312992096 171 141 231 335
person 0.3561318516731262 226 12 250 83
person 0.33602818846702576 143 11 163 71
person 0.31020814180374146 74 3 96 52
person 0.2936588525772095 86 46 118 105
person 0.2648225426673889 293 21 315 83
person 0.2608579993247986 91 6 113 82
person 0.2588626444339752 162 12 182 74
