person 0.6275091171264648 111 100 240 394
person 0.6029356718063354 321 121 355 182
person 0.5784335732460022 19 118 145 415
person 0.5612730979919434 107 106 185 252
person 0.5601565837860107 191 89 352 410
person 0.5472596883773804 187 91 283 257
person 0.4566330313682556 44 111 117 301
person 0.3697928190231323 1 106 42 187
person 0.3540555238723755 347 128 386 208
person 0.30926990509033203 222 105 254 176
person 0.27727773785591125 333 112 399 225
bottle 0.274297297000885 33 183 59 293
person 0.27206259965896606 -1 109 48 311
