car 0.47928887605667114 2 217 38 269
car 0.4684000313282013 84 270 140 332
bicycle 0.4227660298347473 199 106 294 247
car 0.38793718814849854 -4 -12 416 246
car 0.3693295121192932 7 38 200 264
person 0.3647080063819885 229 237 255 324
person 0.3401907980442047 54 176 97 248
boat 0.33647793531417847 261 215 418 334
person 0.32853156328201294 256 252 283 339
person 0.31284791231155396 133 250 151 307
car 0.29716742038726807 2 244 26 286
person 0.28143420815467834 31 172 64 247
bicycle 0.2720479965209961 1 39 413 373
person 0.25705569982528687 36 221 58 264
