car 0.719593346118927 59 101 405 387
car 0.7125142216682434 236 105 413 311
car 0.5161465406417847 175 80 230 116
car 0.4646090269088745 0 68 28 147
car 0.3952975869178772 44 72 108 135
car 0.3901561200618744 111 78 172 123
car 0.3661118447780609 343 88 397 125
car 0.34427767992019653 307 79 356 105
car 0.3372390866279602 384 83 412 126
car 0.32636362314224243 244 86 291 113
car 0.32060447335243225 314 106 415 178
car 0.29902780055999756 38 74 172 140
car 0.2908453047275543 152 81 207 106
car 0.2877423167228699 280 87 329 115
car 0.2766774296760559 224 82 261 105
car 0.253468781709671 123 79 167 105
