person 0.7292967438697815 209 203 346 407
chair 0.5315408706665039 315 185 412 289
chair 0.4968644976615906 190 122 266 289
person 0.4964316785335541 10 136 98 404
person 0.47358620166778564 162 112 257 382
person 0.4056820869445801 200 214 279 390
chair 0.3710159957408905 72 93 148 191
chair 0.3218884766101837 161 109 200 183
person 0.3179575204849243 238 76 320 261
chair 0.28794795274734497 218 116 250 174
chair 0.2828289568424225 188 112 221 180
bottle 0.2759242057800293 90 255 116 356
bicycle 0.2743990421295166 206 322 342 415
