pottedplant 0.6364855766296387 117 204 192 342
pottedplant 0.5794227719306946 230 187 320 293
pottedplant 0.46580201387405396 220 259 257 347
pottedplant 0.3645459711551666 334 245 414 364
pottedplant 0.35254210233688354 212 217 269 331
pottedplant 0.3001445531845093 27 273 111 400
pottedplant 0.27900609374046326 283 243 317 308
pottedplant 0.2735435366630554 252 232 298 307
bottle 0.26657384634017944 14 273 96 397
bottle 0.26230186223983765 30 300 73 372
pottedplant 0.25797465443611145 342 175 389 244
