motorbike 0.8437218070030212 2 47 413 370
car 0.6845251321792603 12 31 403 330
motorbike 0.49778327345848083 28 84 138 194
person 0.4457416832447052 31 38 124 185
car 0.42323213815689087 270 218 402 316
car 0.3749946355819702 82 39 346 176
person 0.37460047006607056 197 6 222 48
person 0.3702620565891266 160 6 192 49
person 0.3518308699131012 377 32 411 133
person 0.3390139937400818 86 15 120 69
person 0.33111852407455444 221 8 249 46
person 0.31449830532073975 27 13 60 83
person 0.2902376055717468 319 42 357 120
person 0.285420298576355 69 29 102 79
person 0.26487040519714355 286 4 313 51
