person 0.479284405708313 339 115 405 241
person 0.46056488156318665 274 111 338 245
person 0.45948755741119385 194 121 275 234
person 0.4524519741535187 251 130 287 219
person 0.45121780037879944 144 110 204 256
person 0.4242730438709259 3 130 33 229
person 0.4111160635948181 217 134 257 224
person 0.3945762515068054 33 127 63 223
person 0.37865301966667175 61 120 89 227
person 0.3619571924209595 86 111 141 245
person 0.3533833622932434 196 132 228 227
person 0.34310710430145264 96 123 129 231
person 0.339853435754776 317 119 346 231
person 0.27431926131248474 385 112 411 241
person 0.25012102723121643 128 120 153 237
