train 0.6135008335113525 13 220 99 333
pottedplant 0.6004505157470703 244 267 286 332
pottedplant 0.44684067368507385 185 267 232 337
bus 0.4018343985080719 29 215 104 330
person 0.38838091492652893 318 217 355 278
pottedplant 0.37923741340637207 343 255 379 300
boat 0.3646745979785919 164 229 243 331
boat 0.3428649604320526 1 325 42 417
pottedplant 0.3282054364681244 322 244 359 294
pottedplant 0.30625346302986145 327 274 398 403
pottedplant 0.27238187193870544 169 249 241 341
pottedplant 0.2628208100795746 8 233 93 353
pottedplant 0.25886040925979614 233 234 294 326
pottedplant 0.25116345286369324 233 244 262 309
