person 0.7522040605545044 -2 112 160 419
person 0.6169766783714294 173 29 299 255
person 0.6146301627159119 234 73 369 404
person 0.45450666546821594 91 114 151 302
person 0.4275171458721161 117 98 223 392
person 0.427033394575119 384 125 410 217
person 0.40868955850601196 111 -1 169 37
person 0.40847864747047424 359 124 383 216
person 0.40043485164642334 171 36 258 192
person 0.39084160327911377 149 100 206 252
bottle 0.30410006642341614 228 212 252 320
car 0.2989855110645294 24 -2 68 34
person 0.29782551527023315 177 1 301 80
person 0.2830832302570343 158 124 195 222
