horse 0.6753698587417603 117 174 216 307
horse 0.6542870998382568 40 177 115 313
horse 0.5807902812957764 277 168 350 311
person 0.44069063663482666 149 109 178 189
person 0.4216613173484802 250 123 285 226
person 0.4143969416618347 94 83 146 265
cow 0.3926411271095276 123 256 178 342
cow 0.3836369216442108 39 198 106 326
person 0.37301337718963623 230 124 258 228
horse 0.34762969613075256 225 141 261 261
cow 0.3344125747680664 0 166 34 309
person 0.3301270604133606 292 101 324 197
person 0.32491743564605713 256 120 282 186
horse 0.3230743706226349 316 147 356 271
person 0.3035690188407898 2 132 31 280
person 0.3024345636367798 -1 320 21 417
horse 0.30108991265296936 85 129 150 284
person 0.29312121868133545 126 118 159 223
person 0.2814514636993408 302 97 355 257
