car 0.5663262605667114 289 158 397 248
car 0.46249109506607056 384 183 412 234
person 0.4082227945327759 251 231 307 365
person 0.407064288854599 191 191 226 287
person 0.3972475528717041 260 178 292 245
person 0.38964739441871643 67 183 99 294
person 0.38177865743637085 135 194 166 286
person 0.36617618799209595 219 228 246 306
person 0.3579208552837372 156 224 185 319
person 0.34751248359680176 28 206 60 285
person 0.3466472923755646 281 185 311 291
person 0.3403535485267639 135 201 198 347
person 0.2908179461956024 5 196 29 292
person 0.27031588554382324 258 223 295 324
car 0.2691779136657715 339 172 396 237
person 0.2670876383781433 178 178 233 308
