person 0.7178356051445007 251 112 410 363
person 0.619260311126709 122 128 216 278
person 0.581627368927002 178 157 299 387
bottle 0.5065896511077881 197 227 281 380
person 0.49454763531684875 38 201 113 356
person 0.4662022292613983 222 102 314 237
person 0.3614532947540283 137 241 201 373
person 0.3394843339920044 321 187 414 354
bottle 0.3166026771068573 41 285 61 376
person 0.3038668632507324 99 247 130 364
person 0.3032727539539337 86 225 135 382
person 0.26978379487991333 -5 140 38 338
person 0.26521801948547363 2 253 34 355
