diningtable 0.742863118648529 -3 179 418 419
person 0.6041646003723145 9 116 138 409
person 0.5928988456726074 257 89 347 268
person 0.533050000667572 327 117 412 308
person 0.4846881926059723 127 103 162 174
person 0.47404685616493225 98 73 133 153
person 0.4646177291870117 46 101 119 256
person 0.45867207646369934 241 79 303 212
person 0.4578951597213745 162 81 188 151
person 0.4414304196834564 184 44 227 127
person 0.4206785559654236 179 45 234 178
bottle 0.38203319907188416 220 135 251 206
bottle 0.38042110204696655 195 136 226 205
person 0.36780354380607605 190 103 225 185
person 0.36542102694511414 222 98 255 187
person 0.3452804982662201 61 103 100 184
