person 0.5459200143814087 256 119 362 414
person 0.5363723635673523 235 76 297 207
person 0.5077850818634033 103 80 169 207
person 0.5050117373466492 296 48 358 174
person 0.4996248781681061 241 211 312 413
person 0.45599886775016785 251 86 296 149
person 0.4488631784915924 195 136 279 416
person 0.4207814335823059 179 92 243 202
person 0.40710917115211487 41 133 123 405
person 0.38313645124435425 11 81 89 210
person 0.36191150546073914 292 68 329 148
person 0.3531339466571808 120 133 211 411
person 0.29578697681427 269 122 355 300
