person 0.7706508040428162 9 152 148 409
diningtable 0.7112513184547424 133 186 302 423
person 0.5975360870361328 275 168 382 419
person 0.5322462916374207 136 117 205 233
person 0.5148962140083313 132 136 291 422
person 0.4642786979675293 213 105 254 186
person 0.4432932436466217 321 106 353 180
person 0.4321586787700653 282 99 316 185
person 0.4048634171485901 388 116 407 182
person 0.39907798171043396 169 104 250 201
person 0.3874514102935791 156 116 197 184
person 0.3650904893875122 266 136 293 215
person 0.35500964522361755 289 101 312 148
person 0.349046528339386 276 158 312 252
person 0.33144932985305786 361 113 385 180
person 0.2946861684322357 270 139 330 271
person 0.29361703991889954 72 135 155 330
chair 0.2841520309448242 366 238 418 429
person 0.27424687147140503 299 112 371 235
sofa 0.259359747171402 118 171 415 425
