person 0.6381855010986328 153 215 245 338
car 0.5194666385650635 85 213 138 272
boat 0.5082817077636719 95 140 374 292
car 0.48041394352912903 64 149 363 280
horse 0.4553370475769043 101 164 372 312
car 0.453829824924469 55 209 97 271
person 0.4413435459136963 226 262 264 352
car 0.4208805561065674 90 186 130 231
person 0.42030858993530273 44 207 73 268
car 0.3971255123615265 62 203 158 282
car 0.38405346870422363 56 185 106 232
person 0.37118950486183167 282 278 334 324
cow 0.3538196384906769 202 223 337 322
person 0.3224868178367615 182 261 218 346
aeroplane 0.28190693259239197 74 164 355 312
person 0.27530062198638916 244 216 355 320
